215
218
216
216
214
206
202
200
201
204
193
183
179
165
160
162
168
178
184
192
195
195
195
194
218
220
219
219
217
208
202
199
201
205
195
186
182
167
161
163
168
178
181
188
191
193
193
193
216
218
216
216
212
200
192
189
188
194
186
178
176
165
159
158
162
169
172
178
180
180
180
182
210
211
208
207
202
190
182
179
179
182
174
170
170
161
156
151
155
162
164
168
170
167
168
172
201
202
198
193
189
180
172
167
167
168
161
160
161
156
155
121
100
127
146
155
158
160
161
163
193
193
188
183
178
173
166
164
161
163
158
157
158
150
 95
 78
100
123
144
140
155
159
163
164
185
185
180
175
173
168
167
165
162
163
160
158
156
 98
109
125
110
137
187
106
 61
155
165
168
184
185
179
173
172
168
168
169
165
165
165
161
110
109
120
128
112
163
189
138
113
118
169
172
188
189
186
179
177
171
170
171
171
172
160
108
108
114
114
114
114
162
185
170
165
169
172
170
197
200
198
191
185
177
174
174
175
165
107
115
130
128
117
109
110
139
161
167
169
171
171
170
202
205
203
195
188
182
178
180
176
114
121
140
143
135
127
125
119
125
167
150
174
172
168
166
202
205
203
195
190
184
180
182
120
103
131
143
144
145
141
116
 57
 71
147
153
178
177
172
165
203
206
201
195
190
185
180
147
 90
112
127
146
152
150
 98
 47
 42
 49
118
164
182
186
182
175
200
203
200
196
193
187
177
 93
114
138
151
161
163
119
 50
 46
 68
 55
 79
180
192
191
187
182
200
203
204
199
198
193
121
122
150
154
164
176
171
 77
 40
 50
 62
 70
 78
185
195
196
196
190
203
202
204
201
201
168
139
167
171
182
189
145
 77
 48
 55
 62
 75
 84
 95
195
201
202
202
192
205
203
205
202
178
182
183
155
154
156
125
 76
 65
 68
 72
 80
 88
 92
145
193
201
203
196
174
215
211
210
207
204
213
154
143
147
149
 85
 59
 78
 86
 91
 93
106
136
190
193
202
195
176
162
221
218
214
209
197
165
168
190
168
142
 96
 86
105
118
118
120
148
186
197
196
187
169
165
160
227
226
220
207
188
167
186
181
167
166
147
153
173
155
151
166
185
190
197
197
184
168
170
185
229
229
223
207
200
164
177
168
176
173
172
183
190
153
138
193
196
200
205
207
202
193
200
201
232
227
218
208
181
165
131
157
179
185
172
160
145
140
100
100
115
104
 94
 94
 87
 75
 70
 59
 48
 62
 91
 46
 51
 70
 82
112
145
138
117
 89
 73
 67
 64
 38
 25
 17
 14
 16
 22
 22
 23
 16
 64
 95
 67
 64
 81
114
133
149
156
133
114
100
 85
 77
 74
 65
 62
 63
 62
 55
 55
 59
 66
 63
