38
38
38
46
54
54
52
68
80
93
92
78
69
60
60
61
37
37
39
50
61
63
60
73
81
94
96
85
80
73
72
71
47
49
53
65
77
80
80
88
90
99
105
98
94
89
90
87
59
64
71
79
89
93
93
98
98
133
171
154
114
102
95
92
70
74
81
86
88
91
92
95
126
148
130
131
71
183
115
86
68
70
78
84
85
86
86
123
147
140
140
114
72
99
90
84
56
55
64
74
80
79
120
138
121
134
145
127
97
84
84
86
52
51
62
70
75
108
144
115
112
116
148
176
102
88
81
88
52
53
61
68
82
159
132
110
102
159
210
206
135
78
69
77
55
52
57
62
131
123
102
88
108
206
201
188
156
63
60
65
53
52
54
85
98
80
79
127
191
198
184
172
130
56
53
64
44
46
52
49
99
115
122
187
179
171
164
140
71
56
61
86
33
38
50
84
76
83
118
153
131
130
120
76
58
66
89
90
26
30
47
85
77
82
86
82
73
113
65
59
52
57
69
58
119
99
134
138
142
99
91
117
131
157
175
184
193
195
205
211
193
180
193
163
131
106
126
158
179
189
204
207
211
208
204
206
